1.945525e-003 
5.836576e-003 
9.727626e-003 
1.361868e-002 
1.750973e-002 
2.140078e-002 
2.529183e-002 
2.918288e-002 
3.307393e-002 
3.696498e-002 
4.085603e-002 
4.474708e-002 
4.863813e-002 
5.252918e-002 
5.642023e-002 
6.031128e-002 
6.420233e-002 
6.809339e-002 
7.198444e-002 
7.587549e-002 
7.976654e-002 
8.365759e-002 
8.754864e-002 
9.143969e-002 
9.533074e-002 
9.922179e-002 
1.031128e-001 
1.070039e-001 
1.108949e-001 
1.147860e-001 
1.186770e-001 
1.225681e-001 
1.264591e-001 
1.303502e-001 
1.342412e-001 
1.381323e-001 
1.420233e-001 
1.459144e-001 
1.498054e-001 
1.536965e-001 
1.575875e-001 
1.614786e-001 
1.653696e-001 
1.692607e-001 
1.731518e-001 
1.770428e-001 
1.809339e-001 
1.848249e-001 
1.887160e-001 
1.926070e-001 
1.964981e-001 
2.003891e-001 
2.042802e-001 
2.081712e-001 
2.120623e-001 
2.159533e-001 
2.198444e-001 
2.237354e-001 
2.276265e-001 
2.315175e-001 
2.354086e-001 
2.392996e-001 
2.431907e-001 
2.470817e-001 
2.509728e-001 
2.548638e-001 
2.587549e-001 
2.626459e-001 
2.665370e-001 
2.704280e-001 
2.743191e-001 
2.782101e-001 
2.821012e-001 
2.859922e-001 
2.898833e-001 
2.937743e-001 
2.976654e-001 
3.015564e-001 
3.054475e-001 
3.093385e-001 
3.132296e-001 
3.171206e-001 
3.210117e-001 
3.249027e-001 
3.287938e-001 
3.326848e-001 
3.365759e-001 
3.404669e-001 
3.443580e-001 
3.482490e-001 
3.521401e-001 
3.560311e-001 
3.599222e-001 
3.638132e-001 
3.677043e-001 
3.715953e-001 
3.754864e-001 
3.793774e-001 
3.832685e-001 
3.871595e-001 
3.910506e-001 
3.949416e-001 
3.988327e-001 
4.027237e-001 
4.066148e-001 
4.105058e-001 
4.143969e-001 
4.182879e-001 
4.221790e-001 
4.260700e-001 
4.299611e-001 
4.338521e-001 
4.377432e-001 
4.416342e-001 
4.455253e-001 
4.494163e-001 
4.533074e-001 
4.571984e-001 
4.610895e-001 
4.649805e-001 
4.688716e-001 
4.727626e-001 
4.766537e-001 
4.805447e-001 
4.844358e-001 
4.883268e-001 
4.922179e-001 
4.961089e-001 
5.000000e-001 
5.038911e-001 
5.077821e-001 
5.116732e-001 
5.155642e-001 
5.194553e-001 
5.233463e-001 
5.272374e-001 
5.311284e-001 
5.350195e-001 
5.389105e-001 
5.428016e-001 
5.466926e-001 
5.505837e-001 
5.544747e-001 
5.583658e-001 
5.622568e-001 
5.661479e-001 
5.700389e-001 
5.739300e-001 
5.778210e-001 
5.817121e-001 
5.856031e-001 
5.894942e-001 
5.933852e-001 
5.972763e-001 
6.011673e-001 
6.050584e-001 
6.089494e-001 
6.128405e-001 
6.167315e-001 
6.206226e-001 
6.245136e-001 
6.284047e-001 
6.322957e-001 
6.361868e-001 
6.400778e-001 
6.439689e-001 
6.478599e-001 
6.517510e-001 
6.556420e-001 
6.595331e-001 
6.634241e-001 
6.673152e-001 
6.712062e-001 
6.750973e-001 
6.789883e-001 
6.828794e-001 
6.867704e-001 
6.906615e-001 
6.945525e-001 
6.984436e-001 
7.023346e-001 
7.062257e-001 
7.101167e-001 
7.140078e-001 
7.178988e-001 
7.217899e-001 
7.256809e-001 
7.295720e-001 
7.334630e-001 
7.373541e-001 
7.412451e-001 
7.451362e-001 
7.490272e-001 
7.529183e-001 
7.568093e-001 
7.607004e-001 
7.645914e-001 
7.684825e-001 
7.723735e-001 
7.762646e-001 
7.801556e-001 
7.840467e-001 
7.879377e-001 
7.918288e-001 
7.957198e-001 
7.996109e-001 
8.035019e-001 
8.073930e-001 
8.112840e-001 
8.151751e-001 
8.190661e-001 
8.229572e-001 
8.268482e-001 
8.307393e-001 
8.346304e-001 
8.385214e-001 
8.424125e-001 
8.463035e-001 
8.501946e-001 
8.540856e-001 
8.579767e-001 
8.618677e-001 
8.657588e-001 
8.696498e-001 
8.735409e-001 
8.774319e-001 
8.813230e-001 
8.852140e-001 
8.891051e-001 
8.929961e-001 
8.968872e-001 
9.007782e-001 
9.046693e-001 
9.085603e-001 
9.124514e-001 
9.163424e-001 
9.202335e-001 
9.241245e-001 
9.280156e-001 
9.319066e-001 
9.357977e-001 
9.396887e-001 
9.435798e-001 
9.474708e-001 
9.513619e-001 
9.552529e-001 
9.591440e-001 
9.630350e-001 
9.669261e-001 
9.708171e-001 
9.747082e-001 
9.785992e-001 
9.824903e-001 
9.863813e-001 
9.902724e-001 
9.941634e-001 
9.980545e-001 
